0 0 0
0 0 1
0 1 0
0 1 1
0 1 2
0 1 3
0 1 57
0 1 58
0 1 59
0 2 0
0 2 3
0 2 4
0 2 59
0 3 0
0 3 1
0 3 2
0 3 39
0 3 45
0 3 46
0 3 58
0 3 59
0 4 0
0 4 37
0 4 53
0 5 0
0 5 1
0 5 20
0 6 0
0 6 1
0 6 2
0 7 0
0 7 30
0 8 0
0 8 43
0 8 59
0 9 0
0 9 1
0 9 22
0 10 0
0 11 0
0 11 1
0 11 2
0 11 3
0 11 23
0 11 24
0 11 56
0 11 57
0 11 58
0 11 59
1 0 0
1 1 0
1 1 1
1 1 4
1 1 62
1 2 0
1 2 1
1 2 45
1 3 0
1 3 1
1 3 3
1 3 4
1 3 5
1 4 0
1 4 28
1 5 25
1 6 2
1 6 23
1 6 57
1 7 0
1 7 20
1 7 23
1 8 53
1 8 54
1 8 58
1 8 62
1 9 25
1 9 62
1 10 0
1 11 10
1 11 11
1 11 43
1 11 44
1 11 45
1 11 62
